0000000100000000
1000010010010000
1000000010100000
1000010011001000
0100000000000000
1000010010010000
0110000000000010
1000010011001000
0000000000001010
1000000000000111
1000010110100000
1001010010010000
1000000010100000
1001010101101000
1000011101100000
1000010011001000
1000010010010000
1000000010100000
1000011000010000
1000010110100000
1000010011001000
0000000000000010
1001010010010000
1000000010100000
1001010101101000
1000011101100000
1000010011001000
0000000000100011
1000010010010000
1000000010100000
1001010101101000
1000011101100000
1000010011001000
0000000010010011
1000000000000111
1000000010100000
1001011101101000
1001010010010000
0000000000000010
1000010011001000
1000000010100000
1001011101101000
1001010010010000
0000000000000011
1000010011001000
1000010110100000
1001010010010000
1000000010100000
1001010101101000
1000011101100000
1000010011001000
1000000010100000
1001011101101000
1001010010010000
1000000010100000
1000010011001000
0000000000000011
1001010010010000
1000000010100000
1001010101101000
1000011101100000
1000010011001000
1000000010100000
1001011101101000
1001010010010000
1000010110100000
1000010011001000
0000000000000110
1001010010010000
1000000010100000
1001010101101000
1000011101100000
1000010011001000
1000000010100000
1001011101101000
1001010010010000
0000000111000010
1000010011000010
1000010110100000
1001010010010000
1000000010100000
1001010101101000
1000011101100000
1000010011001000
1000010010010000
1000000010100000
1000011000010000
1000010110100000
1000010011001000
0000000000000010
1001010010010000
1000000010100000
1001010101101000
1000011101100000
1000010011001000
0000000001100111
1000010010010000
1000000010100000
1001010101101000
1000011101100000
1000010011001000
0000000100000100
1000000000000111
1000000010100000
1001011101101000
1001010010010000
0000000000000010
1000010011001000
1000000010100000
1001011101101000
1001010010010000
0000000000000011
1000010011001000
1000010110100000
1001010010010000
1000000010100000
1001010101101000
1000011101100000
1000010011001000
1000000010100000
1001011101101000
1001010010010000
1000000010100000
1000010011001000
0000000000000011
1001010010010000
1000000010100000
1001010101101000
1000011101100000
1000010011001000
1000000010100000
1001011101101000
1001010010010000
1000010110100000
1000010011001000
0000000000000110
1001010010010000
1000000010100000
1001010101101000
1000011101100000
1000010011001000
0000000000100000
1000010010010000
0110000000000010
1001010000001000
0000000000001010
1000000000000111
1000000010100000
1001010010010000
1000000010100000
1001010101101000
1000011101100000
1000010011001000
1000000010100000
1001011101101000
1001010010010000
0000000000000010
1000010011001000
1000000010100000
1001010010010000
1000000010100000
1001010101101000
1000011101100000
1000010011001000
1000010110100000
1000010010010000
1000000010100000
1001010101101000
1000011101100000
1000010011001000
1000000010100000
1001011101101000
1001010010010000
1000000010100000
1001011101101000
1001010010100000
1000010000010000
1000000010100000
1001010101101000
1000011101100000
1000010011001000
1000000010100000
1001011101101000
1001010010010000
1000000010100000
1000010011001000
0110000000000001
1001010010010000
0000000000000010
1000000000010000
1000000010100000
1001010101101000
1000011101100000
1000010011001000
1000000010100000
1000010010010000
0000000000000010
1001010000010000
1000000010100000
1001011101101000
1001010010100000
1000010000100000
1000011001010000
1000011001100000
1000010011001000
0110000000000001
1001010010010000
0000000000000010
1000000000010000
1000000010100000
1001010101101000
1000011101100000
1000010011001000
1000000010100000
1000010010010000
0000000000000010
1001010000010000
1000010011100000
1001010010010000
1000000010100000
1001010101101000
1000011101100000
1000010011001000
1000000010100000
1001011101101000
1001010010010000
1000000010100000
1001011101101000
1001010010100000
1000011000010000
0000000011001101
1000010011000010
0110000000000001
1001010010010000
1000010110100000
1000000000010000
1000000010100000
1001010101101000
1000011101100000
1000010011001000
1000000010100000
1001011101101000
1001010010010000
0000000000000110
1000010011001000
0000000000000010
1001010010010000
1000000010100000
1001010101101000
1000011101100000
1000010011001000
1000000010100000
1001011101101000
1001010010010000
1000000010100000
1000010011001000
1000000010100000
1001011101101000
1001010010100000
1000000000000111
1000000010100000
1001010010010000
1000000010100000
1001010101101000
1000011101100000
1000010011001000
1000000010100000
1001011101101000
1001010010010000
0000000000000010
1000010011001000
1000000010100000
1001010010010000
1000000010100000
1001010101101000
1000011101100000
1000010011001000
1000010110100000
1000010010010000
1000000010100000
1001010101101000
1000011101100000
1000010011001000
1000000010100000
1001011101101000
1001010010010000
1000000010100000
1001011101101000
1001010010100000
1000010000010000
1000000010100000
1001010101101000
1000011101100000
1000010011001000
1000000010100000
1001011101101000
1001010010010000
1000000010100000
1000010011001000
1000000010100000
1000010010010000
1000000010100000
1001010101101000
1000011101100000
1000010011001000
1000000010100000
1000010010010000
0000000000000010
1001010000010000
1000000010100000
1001011101101000
1001010010100000
1000010000100000
1000011001010000
1000011001100000
1000010011001000
1000010110100000
1001010010010000
1000000010100000
1001010101101000
1000011101100000
1000010011001000
1000010010010000
1000000010100000
1000011000010000
1000010110100000
1000010011001000
0000000000000010
1001010010010000
1000000010100000
1001010101101000
1000011101100000
1000010011001000
0000000101010101
1000010010010000
1000000010100000
1001010101101000
1000011101100000
1000010011001000
0000000010010011
1000000000000111
1000000010100000
1001011101101000
1001010010010000
0000000000000010
1000010011001000
1000000010100000
1001011101101000
1001010010010000
0000000000000011
1000010011001000
1000010110100000
1001010010010000
1000000010100000
1001010101101000
1000011101100000
1000010011001000
1000000010100000
1001011101101000
1001010010010000
1000000010100000
1000010011001000
0000000000000011
1001010010010000
1000000010100000
1001010101101000
1000011101100000
1000010011001000
1000000010100000
1001011101101000
1001010010010000
1000010110100000
1000010011001000
0000000000000110
1001010010010000
1000000010100000
1001010101101000
1000011101100000
1000010011001000
1000000010100000
1001011101101000
1001010010010000
0110000000000010
1001010010100000
1001010000010000
1001010000001000
1000000010100000
1000010010010000
0000000000000010
1001010000010000
1000010011100000
1001010010010000
1000000010100000
1001010101101000
1000011101100000
1000010011001000
1000010110100000
1000010010010000
1000000010100000
1001010101101000
1000011101100000
1000010011001000
1000000010100000
1001011101101000
1001010010010000
1000000010100000
1001011101101000
1001010010100000
1000010000010000
1000000010100000
1001010101101000
1000011101100000
1000010011001000
1000000010100000
1000010010010000
0000000000000010
1001010000010000
1000000010100000
1001011101101000
1001010010100000
1000010000100000
1000011001010000
1000011001100000
1000010011001000
0000000000010000
1000011001010000
0000000110101110
1000010011000010
0000000100111100
1000000000000111
1000000010100000
1001011101101000
1001010010010000
0000000000000110
1000010011001000
0000000000000010
1001010010010000
1000000010100000
1001010101101000
1000011101100000
1000010011001000
1000000010100000
1001011101101000
1001010010010000
1000000010100000
1000010011001000
1000000010100000
1001011101101000
1001010010100000
1000000000000111
